ADT                                 File 1      File 2      File 3      File 4

Skip List                           0.247008    0.19106     0.261737    0.720317
BinarySearchTree                    >5 mins     >5 mins     >5 mins     0.378404
AVL Tree                            0.397657    0.27856     0.288139    0.79565
Splay Tree                          0.111933    0.104939    0.072797    0.573797
BTree:
      M = 3 L = 1                   0.296004    0.450531    0.255932    0.83555
      M = 3 L = 200                 0.274426    0.579004    0.400452    0.669965
      M = 1000 L = 2                1.46687     1.88088     1.34916     2.32917
      M = 1000 L = 200              0.694372    0.888319    0.856965    1.06411
Seperate Chaining Hash:
      0.5                           0.14963     0.188275    0.116523    0.27158
      1                             0.160707    0.130527    0.116324    0.314642
      10                            0.315241    0.127139    0.115591    0.396366
      100                           1.40095     0.878005    0.349698    1.37029
      1000                          9.84677     10.4761     3.72933     14.6409
Quadratic Probing Hash:
      2                             0.109317    0.098836    0.094091    0.108938
      1                             0.112191    0.143106    0.084843    0.101133
      0.5                           0.118381    0.06489     0.074613    0.075641
      0.25                          0.066429    0.075345    0.075551    0.079393
      0.1                           0.066735    0.094582    0.071614    0.092074
      
Binary Heap                         0.061709    0.192087    0.196102    0.288748
Quadratic Probing Pointer Hash:
      2                             0.148921    0.237377    0.136906    0.270096
      1                             0.129074    0.162196    0.224408    0.182871
      0.5                           0.10132     0.180797    0.128831    0.230217
      0.25                          0.135389    0.143315    0.12552     0.178763
      0.1                           0.133422    0.218953    0.146522    0.172381