File ADT# Time#1       Time#2       Time#3      Ignore
File1 1   0.056758     0.057079     0.056295     0      
File2 1   75.9814     75.1456     74.2525     0      
File3 1   0.040223     0.040602     0.040247     0      
File4 1   50.1002     51.4093     50.5273     1e-06      
File1 2   0.061056     0.059855     0.057381     0      
File2 2   345.294     355.915     351.889     1e-06      
File3 2   0.060743     0.059617     0.058248     0      
File4 2   173.297     209.014     204.971     0      
File1 3   0.032583     0.031878     0.037029     0      
File2 3   0.030977     0.030283     0.03165     0      
File3 3   0.031503     0.030409     0.031144     0      
File4 3   0.033077     0.032809     0.032519     1e-06      
File1 4   0.046304     0.050376     0.046484     1e-06      
File2 4   0.037728     0.037451     0.036972     0      
File3 4   0.037356     0.037079     0.037553     0      
File4 4   0.039927     0.03993     0.039917     0      
File1 5   0.033611     0.033488     0.03376     0      
File2 5   0.032878     0.032526     0.032449     0      
File3 5   0.033495     0.032268     0.03275     0      
File4 5   0.034664     0.035047     0.034296     0      
File1 6   0.151665     0.158109     0.159318     0      
File2 6   0.11513     0.117559     0.119465     1e-06      
File3 6   0.134049     0.138089     0.133058     0      
File4 6   0.343176     0.364354     0.358088     0      
